[0, 0, 0, 0, 0]: corni
[0, 0, 0, 0, 1]: north
[0, 0, 0, 0, 2]: proin
[0, 0, 0, 1, 0]: drone
[0, 0, 0, 1, 1]: trine
[0, 0, 0, 1, 2]: preif
[0, 0, 0, 2, 0]: nidor
[0, 0, 0, 2, 1]: tondi
[0, 0, 0, 2, 2]: rumbo
[0, 0, 1, 0, 0]: corni
[0, 0, 1, 0, 1]: roily
[0, 0, 1, 0, 2]: gluon
[0, 0, 1, 1, 0]: doily
[0, 0, 1, 1, 1]: litho
[0, 0, 1, 1, 2]: cling
[0, 0, 1, 2, 0]: lurid
[0, 0, 1, 2, 1]: bitou
[0, 0, 1, 2, 2]: fleet
[0, 0, 2, 0, 0]: yogic
[0, 0, 2, 0, 1]: tichy
[0, 0, 2, 0, 2]: pilot
[0, 0, 2, 1, 0]: mobie
[0, 0, 2, 1, 1]: ickle
[0, 0, 2, 1, 2]: decor
[0, 0, 2, 2, 0]: pyoid
[0, 0, 2, 2, 1]: acrid
[0, 0, 2, 2, 2]: coign
[0, 1, 0, 0, 0]: corni
[0, 1, 0, 0, 1]: noria
[0, 1, 0, 0, 2]: proin
[0, 1, 0, 1, 0]: dearn
[0, 1, 0, 1, 1]: reata
[0, 1, 0, 1, 2]: recap
[0, 1, 0, 2, 0]: unrid
[0, 1, 0, 2, 1]: apron
[0, 1, 0, 2, 2]: armet
[0, 1, 1, 0, 0]: groin
[0, 1, 1, 0, 1]: rotal
[0, 1, 1, 0, 2]: porin
[0, 1, 1, 1, 0]: plane
[0, 1, 1, 1, 1]: empty
[0, 1, 1, 1, 2]: recap
[0, 1, 1, 2, 0]: algid
[0, 1, 1, 2, 1]: alter
[0, 1, 1, 2, 2]: N/A
[0, 1, 2, 0, 0]: porin
[0, 1, 2, 0, 1]: tolan
[0, 1, 2, 0, 2]: allot
[0, 1, 2, 1, 0]: boyar
[0, 1, 2, 1, 1]: delta
[0, 1, 2, 1, 2]: eclat
[0, 1, 2, 2, 0]: dirge
[0, 1, 2, 2, 1]: N/A
[0, 1, 2, 2, 2]: ablet
[0, 2, 0, 0, 0]: rindy
[0, 2, 0, 0, 1]: toric
[0, 2, 0, 0, 2]: cuing
[0, 2, 0, 1, 0]: grind
[0, 2, 0, 1, 1]: thrum
[0, 2, 0, 1, 2]: earnt
[0, 2, 0, 2, 0]: rownd
[0, 2, 0, 2, 1]: tromp
[0, 2, 0, 2, 2]: craft
[0, 2, 1, 0, 0]: lindy
[0, 2, 1, 0, 1]: bothy
[0, 2, 1, 0, 2]: dough
[0, 2, 1, 1, 0]: pyric
[0, 2, 1, 1, 1]: berth
[0, 2, 1, 1, 2]: N/A
[0, 2, 1, 2, 0]: cyder
[0, 2, 1, 2, 1]: diner
[0, 2, 1, 2, 2]: lacet
[0, 2, 2, 0, 0]: wimpy
[0, 2, 2, 0, 1]: tokay
[0, 2, 2, 0, 2]: galut
[0, 2, 2, 1, 0]: chive
[0, 2, 2, 1, 1]: N/A
[0, 2, 2, 1, 2]: N/A
[0, 2, 2, 2, 0]: dhaba
[0, 2, 2, 2, 1]: talea
[0, 2, 2, 2, 2]: valet
[1, 0, 0, 0, 0]: korun
[1, 0, 0, 0, 1]: riots
[1, 0, 0, 0, 2]: houri
[1, 0, 0, 1, 0]: noris
[1, 0, 0, 1, 1]: nerts
[1, 0, 0, 1, 2]: derig
[1, 0, 0, 2, 0]: nidor
[1, 0, 0, 2, 1]: nitro
[1, 0, 0, 2, 2]: mourn
[1, 0, 1, 0, 0]: poilu
[1, 0, 1, 0, 1]: flour
[1, 0, 1, 0, 2]: blist
[1, 0, 1, 1, 0]: weils
[1, 0, 1, 1, 1]: feels
[1, 0, 1, 1, 2]: blest
[1, 0, 1, 2, 0]: louis
[1, 0, 1, 2, 1]: audio
[1, 0, 1, 2, 2]: N/A
[1, 0, 2, 0, 0]: mould
[1, 0, 2, 0, 1]: touch
[1, 0, 2, 0, 2]: N/A
[1, 0, 2, 1, 0]: duply
[1, 0, 2, 1, 1]: comfy
[1, 0, 2, 1, 2]: N/A
[1, 0, 2, 2, 0]: odium
[1, 0, 2, 2, 1]: audio
[1, 0, 2, 2, 2]: islet
[1, 1, 0, 0, 0]: aroid
[1, 1, 0, 0, 1]: train
[1, 1, 0, 0, 2]: coarb
[1, 1, 0, 1, 0]: pears
[1, 1, 0, 1, 1]: tears
[1, 1, 0, 1, 2]: brash
[1, 1, 0, 2, 0]: drubs
[1, 1, 0, 2, 1]: antes
[1, 1, 0, 2, 2]: asset
[1, 1, 1, 0, 0]: flamy
[1, 1, 1, 0, 1]: clasp
[1, 1, 1, 0, 2]: bicep
[1, 1, 1, 1, 0]: feals
[1, 1, 1, 1, 1]: leats
[1, 1, 1, 1, 2]: least
[1, 1, 1, 2, 0]: abbot
[1, 1, 1, 2, 1]: N/A
[1, 1, 1, 2, 2]: N/A
[1, 1, 2, 0, 0]: hokum
[1, 1, 2, 0, 1]: tolas
[1, 1, 2, 0, 2]: N/A
[1, 1, 2, 1, 0]: melas
[1, 1, 2, 1, 1]: N/A
[1, 1, 2, 1, 2]: N/A
[1, 1, 2, 2, 0]: abhor
[1, 1, 2, 2, 1]: N/A
[1, 1, 2, 2, 2]: N/A
[1, 2, 0, 0, 0]: prink
[1, 2, 0, 0, 1]: thrip
[1, 2, 0, 0, 2]: whiny
[1, 2, 0, 1, 0]: rumps
[1, 2, 0, 1, 1]: thaws
[1, 2, 0, 1, 2]: earst
[1, 2, 0, 2, 0]: morns
[1, 2, 0, 2, 1]: tryps
[1, 2, 0, 2, 2]: N/A
[1, 2, 1, 0, 0]: lirks
[1, 2, 1, 0, 1]: chain
[1, 2, 1, 0, 2]: N/A
[1, 2, 1, 1, 0]: baels
[1, 2, 1, 1, 1]: taels
[1, 2, 1, 1, 2]: N/A
[1, 2, 1, 2, 0]: cards
[1, 2, 1, 2, 1]: N/A
[1, 2, 1, 2, 2]: N/A
[1, 2, 2, 0, 0]: chimp
[1, 2, 2, 0, 1]: chute
[1, 2, 2, 0, 2]: N/A
[1, 2, 2, 1, 0]: chafe
[1, 2, 2, 1, 1]: N/A
[1, 2, 2, 1, 2]: N/A
[1, 2, 2, 2, 0]: bawdy
[1, 2, 2, 2, 1]: tales
[1, 2, 2, 2, 2]: N/A
[2, 0, 0, 0, 0]: noups
[2, 0, 0, 0, 1]: pours
[2, 0, 0, 0, 2]: unrip
[2, 0, 0, 1, 0]: reink
[2, 0, 0, 1, 1]: unite
[2, 0, 0, 1, 2]: pinch
[2, 0, 0, 2, 0]: nidor
[2, 0, 0, 2, 1]: piers
[2, 0, 0, 2, 2]: askew
[2, 0, 1, 0, 0]: roils
[2, 0, 1, 0, 1]: quoll
[2, 0, 1, 0, 2]: spilt
[2, 0, 1, 1, 0]: poilu
[2, 0, 1, 1, 1]: pioye
[2, 0, 1, 1, 2]: ample
[2, 0, 1, 2, 0]: piers
[2, 0, 1, 2, 1]: steel
[2, 0, 1, 2, 2]: sleet
[2, 0, 2, 0, 0]: yukos
[2, 0, 2, 0, 1]: silts
[2, 0, 2, 0, 2]: split
[2, 0, 2, 1, 0]: ladle
[2, 0, 2, 1, 1]: N/A
[2, 0, 2, 1, 2]: N/A
[2, 0, 2, 2, 0]: rinds
[2, 0, 2, 2, 1]: N/A
[2, 0, 2, 2, 2]: N/A
[2, 1, 0, 0, 0]: chars
[2, 1, 0, 0, 1]: pirns
[2, 1, 0, 0, 2]: porch
[2, 1, 0, 1, 0]: kerne
[2, 1, 0, 1, 1]: drake
[2, 1, 0, 1, 2]: bicep
[2, 1, 0, 2, 0]: acrid
[2, 1, 0, 2, 1]: N/A
[2, 1, 0, 2, 2]: N/A
[2, 1, 1, 0, 0]: chill
[2, 1, 1, 0, 1]: flaky
[2, 1, 1, 0, 2]: morph
[2, 1, 1, 1, 0]: peach
[2, 1, 1, 1, 1]: stale
[2, 1, 1, 1, 2]: N/A
[2, 1, 1, 2, 0]: slaes
[2, 1, 1, 2, 1]: N/A
[2, 1, 1, 2, 2]: N/A
[2, 1, 2, 0, 0]: horny
[2, 1, 2, 0, 1]: N/A
[2, 1, 2, 0, 2]: splat
[2, 1, 2, 1, 0]: sella
[2, 1, 2, 1, 1]: N/A
[2, 1, 2, 1, 2]: N/A
[2, 1, 2, 2, 0]: N/A
[2, 1, 2, 2, 1]: N/A
[2, 1, 2, 2, 2]: N/A
[2, 2, 0, 0, 0]: ornis
[2, 2, 0, 0, 1]: kinas
[2, 2, 0, 0, 2]: axion
[2, 2, 0, 1, 0]: unrid
[2, 2, 0, 1, 1]: saute
[2, 2, 0, 1, 2]: N/A
[2, 2, 0, 2, 0]: fyrds
[2, 2, 0, 2, 1]: admin
[2, 2, 0, 2, 2]: N/A
[2, 2, 1, 0, 0]: audio
[2, 2, 1, 0, 1]: N/A
[2, 2, 1, 0, 2]: sault
[2, 2, 1, 1, 0]: sable
[2, 2, 1, 1, 1]: N/A
[2, 2, 1, 1, 2]: N/A
[2, 2, 1, 2, 0]: samel
[2, 2, 1, 2, 1]: N/A
[2, 2, 1, 2, 2]: N/A
[2, 2, 2, 0, 0]: podia
[2, 2, 2, 0, 1]: abyss
[2, 2, 2, 0, 2]: salat
[2, 2, 2, 1, 0]: vault
[2, 2, 2, 1, 1]: N/A
[2, 2, 2, 1, 2]: N/A
[2, 2, 2, 2, 0]: salep
[2, 2, 2, 2, 1]: N/A
